PROBLEM NAME:  simple100-TTP-mut6
KNAPSACK DATA TYPE: bounded strongly corr
DIMENSION:  0
NUMBER OF ITEMS:   100
CAPACITY OF KNAPSACK:   50
MIN SPEED:      0.1
MAX SPEED:      1
RENTING RATIO:  5.61
EDGE_WEIGHT_TYPE:       CEIL_2D
NODE_COORD_SECTION      (INDEX, X, Y):
1       288     149
2       288     129
3       270     133
4       256     141
5       256     157
6       246     157
7       236     169
8       228     169
9       228     161
10      220     169
ITEMS SECTION (INDEX, PROFIT, WEIGHT, ASSIGNED NODE NUMBER):
1       1       1       1
2       2       1       2
3       3       1       3
4       4       1       4
5       70      1       5
6       6       1       6
7       7       1       7
8       8       1       8
9       9       1       9
10      10      1       10
11      11      1       1
12      60      1       2
13      13      1       3
14      14      1       4
15      15      1       5
16      16      1       6
17      17      1       7
18      18      1       8
19      19      1       9
20      64      1       10
21      21      1       1
22      22      1       2
23      23      1       3
24      92      1       4
25      25      1       5
26      93      1       6
27      27      1       7
28      28      1       8
29      29      1       9
30      30      1       10
31      31      1       1
32      32      1       2
33      33      1       3
34      34      1       4
35      35      1       5
36      36      1       6
37      37      1       7
38      38      1       8
39      39      1       9
40      40      1       10
41      41      1       1
42      42      1       2
43      43      1       3
44      44      1       4
45      45      1       5
46      80      1       6
47      47      1       7
48      48      1       8
49      49      1       9
50      50      1       10
51      51      1       1
52      52      1       2
53      53      1       3
54      54      1       4
55      55      1       5
56      56      1       6
57      57      1       7
58      58      1       8
59      59      1       9
60      12      1       10
61      61      1       1
62      62      1       2
63      63      1       3
64      20      1       4
65      65      1       5
66      66      1       6
67      67      1       7
68      68      1       8
69      69      1       9
70      5       1       10
71      71      1       1
72      72      1       2
73      73      1       3
74      74      1       4
75      75      1       5
76      76      1       6
77      77      1       7
78      78      1       8
79      79      1       9
80      46      1       10
81      81      1       1
82      82      1       2
83      83      1       3
84      84      1       4
85      85      1       5
86      86      1       6
87      87      1       7
88      88      1       8
89      89      1       9
90      90      1       10
91      91      1       1
92      24      1       2
93      26      1       3
94      94      1       4
95      95      1       5
96      96      1       6
97      97      1       7
98      98      1       8
99      99      1       9
100     100     1       10